10      68
110     1504
210     3268
310     5176
410     7176
510     9176
610     11372
710     13572
810     15772
910     17972
1010    20172
1110    22544
1210    24944
1310    27344
1410    29744
1510    32144
1610    34544
1710    36944
1810    39344
1910    41744
2010    44144
2110    46668
2210    49268
2310    51868
2410    54468
2510    57068
2610    59668
2710    62268
2810    64868
2910    67468
3010    70068
3110    72668
3210    75268
3310    77868
3410    80468
3510    83068
3610    85668
3710    88268
3810    90868
3910    93468
4010    96068
4110    98696
4210    101496
4310    104296
4410    107096
4510    109896
4610    112696
4710    115496
4810    118296
4910    121096
5010    123896
5110    126696
5210    129496
5310    132296
5410    135096
5510    137896
5610    140696
5710    143496
5810    146296
5910    149096
6010    151896
6110    154696
6210    157496
6310    160296
6410    163096
6510    165896
6610    168696
6710    171496
6810    174296
6910    177096
7010    179896
7110    182696
7210    185496
7310    188296
7410    191096
7510    193896
7610    196696
7710    199496
7810    202296
7910    205096
8010    207896
8110    210696
8210    213532
8310    216532
8410    219532
8510    222532
8610    225532
8710    228532
8810    231532
8910    234532
9010    237532
9110    240532
9210    243532
9310    246532
9410    249532
9510    252532
9610    255532
9710    258532
9810    261532
9910    264532
