10      0.000610
110     0.009287
210     0.017852
310     0.029099
410     0.038342
510     0.051770
610     0.062930
710     0.071707
810     0.082749
910     0.092566
1010    0.103093
1110    0.118030
1210    0.127449
1310    0.142378
1410    0.151082
1510    0.162776
1610    0.174014
1710    0.186238
1810    0.194900
1910    0.208018
2010    0.220259
2110    0.252544
2210    0.249814
2310    0.256577
2410    0.277512
2510    0.283879
2610    0.295964
2710    0.309968
2810    0.328650
2910    0.340923
3010    0.349590
3110    0.385400
3210    0.392932
3310    0.401055
3410    0.419700
3510    0.427329
3610    0.439934
3710    0.454260
3810    0.468538
3910    0.487012
4010    0.496611
4110    0.485864
4210    0.505212
4310    0.520615
4410    0.533472
4510    0.547207
4610    0.552849
4710    0.563457
4810    0.589690
4910    0.604817
5010    0.613796
5110    0.629692
5210    0.639561
5310    0.649583
5410    0.664197
5510    0.686655
5610    0.689565
5710    0.707168
5810    0.729927
5910    0.732080
6010    0.743064
6110    0.763889
6210    0.772642
6310    0.786516
6410    0.811348
6510    0.808572
6610    0.822554
6710    0.829238
6810    0.843516
6910    0.865793
7010    0.872720
7110    0.881782
7210    0.897102
7310    0.912515
7410    0.935625
7510    0.941309
7610    0.959565
7710    0.972200
7810    0.982617
7910    0.991431
8010    1.005608
8110    1.025967
8210    1.051606
8310    1.059255
8410    1.059875
8510    1.104619
8610    1.100681
8710    1.119451
8810    1.120715
8910    1.151074
9010    1.161157
9110    1.176062
9210    1.175427
9310    1.225232
9410    1.226523
9510    1.292512
9610    1.273613
9710    1.273069
9810    1.314478
9910    1.304763
