Grafica Buena 200000
Error 0.35% (MAPE)
1       20044
2       20114
3       20012
4       19920
5       20068
6       20083
7       20025
8       19879
9       19995
10      19860

Grafica Mala 200000
Error 0.74%
1       19691
2       19844
3       20133
4       19896
5       20070
6       20066
7       19911
8       20192
9       19923
10      20274

Grafica Mala 50000
Error: 1.69%
1       4991
2       4971
3       4913
4       5024
5       4853
6       4921
7       5147
8       4926
9       5205
10      5049

Grafica Buena 50000
Error: 0.97%
1       4960
2       5114
3       4923
4       5062
5       5004
6       4987
7       5064
8       4906
9       4985
10      4995